.Random.seed <-
c(403L, 10L, 799700485L, -157188932L, -2035270254L, -750635379L, 
-1709716281L, 1060645294L, 9851912L, -1854404597L, -1977770775L, 
-1444578376L, 2019894374L, -1673951999L, 351323027L, 1577468994L, 
-2099962892L, 931763703L, 1441802733L, 1456515716L, -2142581590L, 
-123479531L, -1282816337L, 118105270L, 1195799264L, -789606877L, 
632279361L, 1152691248L, 1037669966L, -297114951L, -1444800821L, 
-1401655430L, 1029953148L, -1436724545L, -626855019L, 1893135276L, 
-1246004862L, 1862827869L, 541332055L, -1443980994L, 732920184L, 
2016547419L, 766129593L, -1591457784L, -2108720458L, 1008054769L, 
-1648941021L, 233302130L, 877558468L, -354546553L, -905854883L, 
501089876L, 1888445562L, -630206523L, 1867256095L, 1678033062L, 
1123639856L, -1346742061L, -1962338575L, 217167392L, 34119870L, 
9118921L, -502804869L, -1042842550L, -174472020L, 1533158319L, 
-746387611L, 342465820L, 18261362L, -508989971L, 1565532711L, 
463991374L, -1740949848L, 1609223339L, 1279372745L, -1496178216L, 
-517433210L, 1305052513L, 575830259L, -1791858846L, -1170198060L, 
349082839L, 1782945485L, -1667522972L, 801070154L, 1494235573L, 
-1942715121L, 1903227414L, -855446336L, -1996952957L, -538732895L, 
-623634288L, 974123886L, -305709799L, -1348817493L, -1422824550L, 
-166968484L, 1090486879L, -2078209483L, 1742025164L, -1813673694L, 
1639861117L, -557520777L, 621165982L, -1874758568L, 2035511739L, 
-573077671L, -1069914904L, -548991722L, 98053777L, 909763395L, 
657120850L, 846229732L, -299613401L, 235526013L, 999832180L, 
1108214874L, 107248805L, 172271295L, -952877754L, -379993136L, 
-26817037L, 1903577361L, 60519744L, 550122782L, -892939799L, 
-460053733L, 1157410090L, 137012812L, -1197719025L, -67685051L, 
-1025566980L, 935980370L, 1138606797L, -1170859385L, 82541934L, 
-2027669688L, 567219019L, 543734441L, 610848760L, 1884102438L, 
444194881L, 380326355L, 1343994754L, -1500442700L, -1972959433L, 
1735056941L, -1521217724L, -1522529174L, 1818588885L, -1899962257L, 
-125869706L, -1864406368L, -1051437213L, -668566527L, -1418877072L, 
71626510L, -407238279L, -664126197L, 554747450L, -438428356L, 
445518463L, -817194539L, -2035132436L, -1977947838L, -1401194851L, 
-512597225L, -357715330L, 744931896L, -2087152357L, 484401785L, 
-533160248L, -401647882L, 2016345905L, 1817376611L, 1470786866L, 
1310822020L, -1522308409L, -1198552675L, 1055726868L, -1368820806L, 
578819589L, -1800022049L, 485174886L, -386401808L, 308926227L, 
-970385231L, -30651552L, -913065730L, -1358567287L, 1547663291L, 
1034744202L, 179462252L, 1133052399L, 395909669L, 1474178780L, 
1138492594L, 770705325L, -1872413849L, 160110734L, -820325016L, 
1229194603L, -794892535L, 124066200L, -1768324922L, 1604100641L, 
-1518654797L, 1949882402L, 1533633044L, -2037356905L, -2044659571L, 
628694436L, 1682792330L, -1398797323L, -2130779569L, -1040460458L, 
-1399877632L, 1302344003L, -494338847L, 1858721360L, -1484363090L, 
-904024487L, 655423083L, 513489882L, -1726329700L, -1830615393L, 
-95564555L, -2141360756L, 277231714L, 1975485178L, 430763856L, 
-1364561876L, 1250582900L, -682933614L, -1835150752L, 1177605260L, 
3089760L, -413505310L, 1860186280L, 2058259148L, 1184019964L, 
593567666L, -1022031888L, -335616572L, -590096040L, 709260666L, 
-343222864L, -1702872644L, 1503988308L, -1937756734L, -112092384L, 
1138035644L, 695919696L, 1484820450L, -656665752L, 1139033932L, 
995994364L, -1357907214L, 2026033408L, 1274442868L, 1111542280L, 
-742008390L, -953259568L, -962294804L, -195922028L, 669588690L, 
1295009888L, 579752268L, -2014218464L, 1830673026L, 562522600L, 
-733187092L, -1268838852L, -435443086L, -32755856L, 693420324L, 
369389112L, -622846566L, -566360624L, 1614913980L, 2013401748L, 
1260086914L, -4804160L, 1877241660L, 1347151504L, -490589406L, 
-1147861496L, 1804105484L, -950970468L, -2076651502L, 731931520L, 
-576647404L, -1579030232L, -709038022L, -1253652528L, 704268908L, 
73391156L, 589989010L, -338891424L, -1131441844L, -1074300448L, 
15937442L, 36065192L, -128703348L, -1363663940L, 759511154L, 
140305392L, -1869782972L, -925334440L, 767516730L, 485122160L, 
844149308L, -1767146732L, -807625022L, -294850848L, -629697412L, 
689922256L, -403434590L, 574947880L, 1511245068L, 1869810620L, 
-522402510L, 91446464L, -518418892L, -54724920L, -20097350L, 
-229252976L, -2075604244L, -1119339948L, -1609187694L, -1174422752L, 
-401765428L, -1637028640L, -791401790L, 275722280L, -140260436L, 
-1194063172L, 504886770L, -1528674768L, 618647460L, 564041144L, 
742686554L, -1284495216L, 1498704764L, -245816556L, 662925634L, 
2025865984L, -187596868L, 856826704L, 1737897250L, -1361654200L, 
141678604L, 89563228L, -1088689710L, -1211201024L, 1790050644L, 
977728744L, -867209990L, 255473360L, 340073772L, -1975154444L, 
-510982766L, -302433952L, -1611524084L, -873861408L, 52415074L, 
-1790255448L, 95041100L, -1814963332L, 354833714L, -820093328L, 
-1111553212L, 1281725400L, 609169274L, 1604719152L, -1652929604L, 
-246767020L, -155038654L, 142145696L, -543313220L, 1841339856L, 
-2100005022L, 464466664L, 1682904268L, 2140261884L, -1295156750L, 
-747399552L, -973912588L, -1457724792L, -1113229510L, 2005507920L, 
-1934812052L, 1485008276L, -1891918766L, 567929312L, 1029371084L, 
140918944L, 184985986L, 1301231848L, -1608469780L, -2144422596L, 
1335032946L, -1563728784L, 1721084964L, 485097528L, -884974822L, 
-96019248L, -1747842244L, -1018366060L, -367964286L, -670816832L, 
-1703398852L, -1658132080L, -114218462L, 1419775240L, -1322526068L, 
487966492L, 2116526226L, -1017241216L, 294486548L, -375274712L, 
1598424634L, -2048882224L, 310793580L, -1180605516L, -974730222L, 
-181358112L, -311311412L, -2033729312L, -2023204830L, -384111320L, 
-1410107892L, -714214596L, -1272445966L, -322879760L, 1053260356L, 
1148018264L, -440945862L, -2033761808L, 524771004L, 2145389844L, 
-1555595582L, 2110906464L, -1345058948L, -97707056L, -2036986590L, 
-2028935512L, -1662301300L, 1361140924L, 1247835954L, -594439616L, 
-869922636L, 520825416L, -2120471110L, 1770304016L, 958807788L, 
-792770669L, 1876682997L, 133906642L, 1237626656L, 984256265L, 
-1526228933L, -107524724L, 158024730L, 2021496975L, 875720665L, 
-1419374482L, 672486396L, -1243053715L, -455255273L, 1474775776L, 
-1316865858L, -406956405L, -456692467L, 802357562L, 708260216L, 
1640891169L, -377236525L, -170493196L, 1873597314L, -1816501737L, 
-1494855455L, -680264154L, 1054070564L, 458356693L, 1289154431L, 
-1423984104L, 1240848694L, 804644803L, -1157544443L, 413148578L, 
-729732720L, -571616967L, 2107647467L, -1656477988L, -1298574582L, 
-965706241L, 894354505L, 1572271582L, -1577941620L, 1220792669L, 
-979162777L, -2066580848L, 29062318L, 287262043L, -246224579L, 
-697838678L, 320709704L, -912700303L, -1907848733L, -1620876060L, 
534003730L, 2130998247L, -141091919L, -462555658L, -1628186604L, 
1255061285L, 340938799L, 837548520L, -400253242L, 1586650995L, 
-486623275L, -57405518L, 431692160L, -1445838487L, -1989556773L, 
1871265068L, -1636481222L, -391317009L, 1541627001L, 1509945102L, 
-1926026532L, -1149376179L, 147563703L, 646741568L, -1616564450L, 
-1473419797L, 1690917229L, -1671415846L, -782536296L, 1083809793L, 
-201174605L, 180766932L, 1231687138L, 523851895L, 907087297L, 
-552343738L, 1536651908L, 394304565L, 381983775L, 668924792L, 
-146685354L, 231263971L, -1303697243L, 1816557890L, -1373159632L, 
25979737L, -1436827445L, 1642598716L, -1655546518L, 807319455L, 
440377897L, 88378558L, -1369942612L, -917198083L, -651205049L, 
-172526288L, 2116486734L, -581421445L, -1878215203L, -598801398L, 
-1397353176L, -1442792559L, 976199043L, 188553860L, 689023154L, 
-263325689L, -1268067247L, -2123086890L, 899062452L, 566733509L, 
-1099011057L, -673231736L, 718192038L, 661550419L, 1028918965L, 
-20388846L, -635726368L, 1198061641L, -2103222661L, 792807244L, 
-1381985574L, -1166666033L, -642582887L, -1202640210L, -1328785476L, 
-1482584019L, -276639785L, 114992672L, 1979402110L, -1260050101L, 
1847790413L, 120535418L, -968647752L, 1804247393L, 1110797587L, 
